# L=12, N=12, T=1.0, sym gs
#          U         Eg                 S₁(ℓ=6)              S₁acc(ℓ=6)                 S₂(ℓ=6)              S₂acc(ℓ=6)                 EN(ℓ=6)              ENacc(ℓ=6)                 S₁(n=6)                 S₂(n=6)
    0.010000     -2.394526641352E+01      1.954075300479E+00      4.954132811636E-04      1.810708564102E+00      9.007318339830E-05      2.134421081839E+00      1.341452365826E-02      1.939055065527E-03      3.613521805715E-04
    0.010723     -2.394133108129E+01      1.953167821932E+00      5.595505968145E-04      1.809704675217E+00      1.029878141370E-04      2.134448473580E+00      1.434602327295E-02      2.191873962228E-03      4.136364911945E-04
    0.011498     -2.393711428365E+01      1.952203206806E+00      6.316775775241E-04      1.808634700912E+00      1.177092731789E-04      2.134476910084E+00      1.533944181650E-02      2.476602842647E-03      4.733435611834E-04
    0.012328     -2.393259610050E+01      1.951178391478E+00      7.127303513014E-04      1.807494750745E+00      1.344805102865E-04      2.134506342647E+00      1.639850766356E-02      2.797074560158E-03      5.414960159606E-04
    0.013219     -2.392775523120E+01      1.950090215715E+00      8.037436201121E-04      1.806280768114E+00      1.535750194922E-04      2.134536703744E+00      1.752712018140E-02      3.157546576586E-03      6.192506562312E-04
    0.014175     -2.392256890279E+01      1.948935428420E+00      9.058589639364E-04      1.804988531841E+00      1.753002280859E-04      2.134567904029E+00      1.872935011197E-02      3.562741516151E-03      7.079146490427E-04
    0.015199     -2.391701277261E+01      1.947710694736E+00      1.020333452394E-03      1.803613659209E+00      2.000011667892E-04      2.134599829011E+00      2.000943873633E-02      4.017890434785E-03      8.089633819905E-04
    0.016298     -2.391106082501E+01      1.946412604591E+00      1.148548493403E-03      1.802151610608E+00      2.280644240208E-04      2.134632335355E+00      2.137179564767E-02      4.528778777733E-03      9.240600927243E-04
    0.017475     -2.390468526192E+01      1.945037682775E+00      1.292018828306E-03      1.800597695984E+00      2.599223818523E-04      2.134665246807E+00      2.282099495005E-02      5.101794952888E-03      1.055077381303E-03
    0.018738     -2.389785638682E+01      1.943582400625E+00      1.452401560547E-03      1.798947083263E+00      2.960577250431E-04      2.134698349723E+00      2.436176969309E-02      5.743981394925E-03      1.204120705577E-03
    0.020092     -2.389054248208E+01      1.942043189351E+00      1.631505080256E-03      1.797194808937E+00      3.370082064462E-04      2.134731388168E+00      2.599900434774E-02      6.463087935709E-03      1.373553948288E-03
    0.021544     -2.388270967895E+01      1.940416455060E+00      1.831297720459E-03      1.795335790959E+00      3.833716426432E-04      2.134764058596E+00      2.773772512744E-02      7.267627230335E-03      1.566027129308E-03
    0.023101     -2.387432182034E+01      1.938698595456E+00      2.053915952201E-03      1.793364844122E+00      4.358111027522E-04      2.134796004095E+00      2.958308796095E-02      8.166931916117E-03      1.784506316636E-03
    0.024771     -2.386534031556E+01      1.936886018184E+00      2.301671896465E-03      1.791276698039E+00      4.950602405311E-04      2.134826808178E+00      3.154036393090E-02      9.171213104918E-03      2.032305764929E-03
    0.026561     -2.385572398717E+01      1.934975160750E+00      2.577059900950E-03      1.789066017835E+00      5.619287054504E-04      2.134855988162E+00      3.361492200412E-02      1.029161972912E-02      2.313122280285E-03
    0.028480     -2.384542890913E+01      1.932962511898E+00      2.882761900630E-03      1.786727427605E+00      6.373075524874E-04      2.134882988104E+00      3.581220889983E-02      1.154029818048E-02      2.631071774679E-03
    0.030539     -2.383440823625E+01      1.930844634260E+00      3.221651253812E-03      1.784255536675E+00      7.221745527566E-04      2.134907171359E+00      3.813772596687E-02      1.293045160174E-02      2.990727932661E-03
    0.032745     -2.382261202435E+01      1.928618188065E+00      3.596794721352E-03      1.781644968618E+00      8.175992887348E-04      2.134927812757E+00      4.059700297532E-02      1.447639811669E-02      3.397162867501E-03
    0.035112     -2.380998704088E+01      1.926279955616E+00      4.011452237880E-03      1.778890392928E+00      9.247478981891E-04      2.134944090460E+00      4.319556876961E-02      1.619362721935E-02      3.855989593659E-03
    0.037649     -2.379647656553E+01      1.923826866201E+00      4.469074111719E-03      1.775986559180E+00      1.044887311694E-03      2.134955077553E+00      4.593891878007E-02      1.809885349126E-02      4.373406089498E-03
    0.040370     -2.378202018055E+01      1.921256021014E+00      4.973295287109E-03      1.772928333424E+00      1.179388809448E-03      2.134959733423E+00      4.883247944911E-02      2.021006678280E-02      4.956240668509E-03
    0.043288     -2.376655355027E+01      1.918564717650E+00      5.527926310132E-03      1.769710736467E+00      1.329730705677E-03      2.134956895011E+00      5.188156969292E-02      2.254657798475E-02      5.611998322120E-03
    0.046416     -2.375000818957E+01      1.915750473635E+00      6.136940660608E-03      1.766328983602E+00      1.497499953986E-03      2.134945268018E+00      5.509135959674E-02      2.512905953502E-02      6.348907643911E-03
    0.049770     -2.373231122074E+01      1.912811048454E+00      6.804458148067E-03      1.762778525264E+00      1.684392455541E-03      2.134923418165E+00      5.846682661475E-02      2.797957985747E-02      7.175967896512E-03
    0.053367     -2.371338511854E+01      1.909744463469E+00      7.534724122140E-03      1.759055087971E+00      1.892211845881E-03      2.134889762604E+00      6.201270964360E-02      3.112163101853E-02      8.102995742296E-03
    0.057224     -2.369314744288E+01      1.906549019120E+00      8.332084317615E-03      1.755154714837E+00      2.122866536078E-03      2.134842561590E+00      6.573346139879E-02      3.458014901651E-02      9.140671129628E-03
    0.061359     -2.367151055889E+01      1.903223308799E+00      9.200955242191E-03      1.751073804854E+00      2.378364791793E-03      2.134779910525E+00      6.963319964308E-02      3.838152628822E-02      1.030058181231E-02
    0.065793     -2.364838134398E+01      1.899766228798E+00      1.014579012031E-02      1.746809150079E+00      2.660807650654E-03      2.134699732479E+00      7.371565786741E-02      4.255361622832E-02      1.159526598391E-02
    0.070548     -2.362366088147E+01      1.896176983765E+00      1.117104052785E-02      1.742357969788E+00      2.972379504952E-03      2.134599771301E+00      7.798413611625E-02      4.712572976493E-02      1.303825253415E-02
    0.075646     -2.359724414064E+01      1.892455087192E+00      1.228111398744E-02      1.737717940669E+00      3.315336214522E-03      2.134477585400E+00      8.244145270781E-02      5.212862431529E-02      1.464409848434E-02
    0.081113     -2.356901964280E+01      1.888600356511E+00      1.348032793857E-02      1.732887222078E+00      3.691990663045E-03      2.134330542301E+00      8.708989764964E-02      5.759448574954E-02      1.642842323508E-02
    0.086975     -2.353886911320E+01      1.884612902507E+00      1.477286064638E-02      1.727864475466E+00      4.104695730566E-03      2.134155814018E+00      9.193118858147E-02      6.355690430841E-02      1.840793936221E-02
    0.093260     -2.350666711870E+01      1.880493112868E+00      1.616269976100E-02      1.722648877085E+00      4.555824724614E-03      2.133950373325E+00      9.696643008723E-02      7.005084573911E-02      2.060047982739E-02
    0.100000     -2.347228069096E+01      1.876241629867E+00      1.765358937955E-02      1.717240123245E+00      5.047749389903E-03      2.133710990915E+00      1.021960772051E-01      7.711261921816E-02      2.302502162445E-02
    0.107227     -2.343556893536E+01      1.871859322272E+00      1.924897658784E-02      1.711638427464E+00      5.582815700636E-03      2.133434233486E+00      1.076199039256E-01      8.477984390572E-02      2.570170605960E-02
    0.114976     -2.339638262565E+01      1.867347251811E+00      2.095195856037E-02      1.705844509051E+00      6.163317726388E-03      2.133116462706E+00      1.132369774035E-01      9.309141620777E-02      2.865185605797E-02
    0.123285     -2.335456378466E+01      1.862706634609E+00      2.276523136898E-02      1.699859572848E+00      6.791469948747E-03      2.132753835025E+00      1.190456385197E-01      1.020874799963E-01      3.189799109374E-02
    0.132194     -2.330994525143E+01      1.857938798205E+00      2.469104168571E-02      1.693685280039E+00      7.469378487751E-03      2.132342302258E+00      1.250434893159E-01      1.118094021431E-01      3.546384055124E-02
    0.141747     -2.326235023550E+01      1.853045134874E+00      2.673114255882E-02      1.687323710188E+00      8.199011769464E-03      2.131877612854E+00      1.312273876924E-01      1.222997557504E-01      3.937435653012E-02
    0.151991     -2.321159185892E+01      1.848027052060E+00      2.888675438987E-02      1.680777314868E+00      8.982171225048E-03      2.131355313725E+00      1.375934496080E-01      1.336023134115E-01      4.365572730333E-02
    0.162975     -2.315747268736E+01      1.842885920831E+00      3.115853214309E-02      1.674048863467E+00      9.820462653082E-03      2.130770752520E+00      1.441370588625E-01      1.457620527035E-01      4.833539281383E-02
    0.174753     -2.309978425130E+01      1.837623023263E+00      3.354653967671E-02      1.667141381952E+00      1.071526889672E-02      2.130119080190E+00      1.508528843756E-01      1.588251759180E-01      5.344206374987E-02
    0.187382     -2.303830655912E+01      1.832239499675E+00      3.605023190523E-02      1.660058085540E+00      1.166772448335E-02      2.129395253692E+00      1.577349047107E-01      1.728391457751E-01      5.900574586458E-02
    0.200923     -2.297280760393E+01      1.826736296579E+00      3.866844528596E-02      1.652802306373E+00      1.267869284502E-02      2.128594038670E+00      1.647764394377E-01      1.878527385769E-01      6.505777130258E-02
    0.215443     -2.290304286648E+01      1.821114116106E+00      4.139939688326E-02      1.645377417347E+00      1.374874668217E-02      2.127710011946E+00      1.719701867829E-01      2.039161159372E-01      7.163083876511E-02
    0.231013     -2.282875481691E+01      1.815373367567E+00      4.424069200878E-02      1.637786753320E+00      1.487815195371E-02      2.126737563639E+00      1.793082668933E-01      2.210809159255E-01      7.875906439044E-02
    0.247708     -2.274967241845E+01      1.809514121629E+00      4.718934017760E-02      1.630033530884E+00      1.606685587405E-02      2.125670898756E+00      1.867822699423E-01      2.394003641882E-01      8.647804525475E-02
    0.265609     -2.266551063695E+01      1.803536067411E+00      5.024177887079E-02      1.622120767811E+00      1.731447917811E-02      2.124504038069E+00      1.943833082341E-01      2.589294053999E-01      9.482493742174E-02
    0.284804     -2.257596996041E+01      1.797438472621E+00      5.339390436561E-02      1.614051203189E+00      1.862031278247E-02      2.123230818118E+00      2.021020714269E-01      2.797248552675E-01      1.038385504983E-01
    0.305386     -2.248073593368E+01      1.791220146638E+00      5.664110869705E-02      1.605827219041E+00      1.998331883210E-02      2.121844890187E+00      2.099288839883E-01      3.018455732890E-01      1.135594607064E-01
    0.327455     -2.237947871396E+01      1.784879406247E+00      5.997832165728E-02      1.597450764052E+00      2.140213598293E-02      2.120339718085E+00      2.178537640282E-01      3.253526565708E-01      1.240301445726E-01
    0.351119     -2.227185265391E+01      1.778414043550E+00      6.340005663108E-02      1.588923279729E+00      2.287508863926E-02      2.118708574624E+00      2.258664827194E-01      3.503096552467E-01      1.352951354888E-01
    0.376494     -2.215749592001E+01      1.771821295379E+00      6.690045900920E-02      1.580245629050E+00      2.440019974744E-02      2.116944536649E+00      2.339566236120E-01      3.767828104424E-01      1.474012056296E-01
    0.403702     -2.203603015493E+01      1.765097813394E+00      7.047335592223E-02      1.571418027337E+00      2.597520665030E-02      2.115040478554E+00      2.421136412862E-01      4.048413162902E-01      1.603975760442E-01
    0.432876     -2.190706019430E+01      1.758239633876E+00      7.411230609356E-02      1.562439974732E+00      2.759757943529E-02      2.112989064212E+00      2.503269189483E-01      4.345576082467E-01      1.743361582084E-01
    0.464159     -2.177017384949E+01      1.751242146106E+00      7.781064872069E-02      1.553310189284E+00      2.926454116843E-02      2.110782737285E+00      2.585858247774E-01      4.660076809140E-01      1.892718309380E-01
    0.497702     -2.162494177013E+01      1.744100058087E+00      8.156155045623E-02      1.544026539260E+00      3.097308939812E-02      2.108413709952E+00      2.668797670637E-01      4.992714397490E-01      2.052627573835E-01
    0.533670     -2.147091740207E+01      1.736807358212E+00      8.535804976922E-02      1.534585972849E+00      3.272001834089E-02      2.105873950099E+00      2.751982484527E-01      5.344330925004E-01      2.223707478758E-01
    0.572237     -2.130763705908E+01      1.729357271351E+00      8.919309822100E-02      1.524984442896E+00      3.450194122610E-02      2.103155167108E+00      2.835309199219E-01      5.715815880197E-01      2.406616757366E-01
    0.613591     -2.113462012957E+01      1.721742207632E+00      9.305959848590E-02      1.515216823749E+00      3.631531238021E-02      2.100248796390E+00      2.918676354788E-01      6.108111123376E-01      2.602059548847E-01
    0.657933     -2.095136944311E+01      1.713953701938E+00      9.695043928740E-02      1.505276816522E+00      3.815644877583E-02      2.097145982901E+00      3.001985089854E-01      6.522216547319E-01      2.810790902565E-01
    0.705480     -2.075737182595E+01      1.705982341833E+00      1.008585278122E-01      1.495156838184E+00      4.002155095991E-02      2.093837563866E+00      3.085139750049E-01      6.959196601377E-01      3.033623148624E-01
    0.756463     -2.055209887946E+01      1.697817681167E+00      1.047768206244E-01      1.484847888629E+00      4.190672351833E-02      2.090314051012E+00      3.168048561529E-01      7.420187889566E-01      3.271433309098E-01
    0.811131     -2.033500802224E+01      1.689448136011E+00      1.086983546557E-01      1.474339388229E+00      4.380799554523E-02      2.086565612547E+00      3.250624401172E-01      7.906408115174E-01      3.525171771154E-01
    0.869749     -2.010554384358E+01      1.680860858723E+00      1.126162805437E-01      1.463618976119E+00      4.572134199051E-02      2.082582055043E+00      3.332785703400E-01      8.419166726971E-01      3.795872504777E-01
    0.932603     -1.986313982600E+01      1.672041584810E+00      1.165239014941E-01      1.452672256246E+00      4.764270729986E-02      2.078352805214E+00      3.414457553231E-01      8.959877733383E-01      4.084665189117E-01
    1.000000     -1.960722050576E+01      1.662974445643E+00      1.204147220626E-01      1.441482473786E+00      4.956803350746E-02      2.073866891094E+00      3.495573026669E-01      9.530075302422E-01      4.392789720285E-01
    1.072267     -1.933720415552E+01      1.653641737839E+00      1.242825129322E-01      1.430030098187E+00      5.149329599559E-02      2.069112921439E+00      3.576074852532E-01      1.013143297272E+00      4.721613720212E-01
    1.149757     -1.905250609179E+01      1.644023637001E+00      1.281214001208E-01      1.418292280037E+00      5.341455166145E-02      2.064079060757E+00      3.655917483969E-01      1.076578758774E+00      5.072653866524E-01
    1.232847     -1.875254273427E+01      1.634097838946E+00      1.319259903726E-01      1.406242136031E+00      5.532800647426E-02      2.058752995024E+00      3.735069681594E-01      1.143516946284E+00      5.447602139383E-01
    1.321941     -1.843673657553E+01      1.623839104914E+00      1.356915491534E-01      1.393847797585E+00      5.723011273157E-02      2.053121879033E+00      3.813517720135E-01      1.214184084914E+00      5.848358465546E-01
    1.417474     -1.810452226082E+01      1.613218677366E+00      1.394142541534E-01      1.381071131604E+00      5.911771126980E-02      2.047172249335E+00      3.891269329919E-01      1.288834553135E+00      6.277071780336E-01
    1.519911     -1.775535403296E+01      1.602203517823E+00      1.430915560180E-01      1.367866002421E+00      6.098824122704E-02      2.040889874782E+00      3.968358460641E-01      1.367757347626E+00      6.736192296098E-01
    1.629751     -1.738871487404E+01      1.590755294762E+00      1.467226895973E-01      1.354175886206E+00      6.284005076443E-02      2.034259496594E+00      4.044850882678E-01      1.451284594273E+00      7.228538862975E-01
    1.747528     -1.700412775125E+01      1.578829011377E+00      1.503093936624E-01      1.339930562799E+00      6.467285805059E-02      2.027264375231E+00      4.120850483412E-01      1.539802859812E+00      7.757386937974E-01
    1.873817     -1.660116958697E+01      1.566371104704E+00      1.538569124109E-01      1.325041485937E+00      6.648843400524E-02      2.019885505140E+00      4.196505766830E-01      1.633768284922E+00      8.326584909540E-01
    2.009233     -1.617948863382E+01      1.553316743768E+00      1.573753672795E-01      1.309395238991E+00      6.829161031579E-02      2.012100258744E+00      4.272015445669E-01      1.733726968056E+00      8.940710135064E-01
    2.154435     -1.573882633237E+01      1.539585892010E+00      1.608815878994E-01      1.292844206572E+00      7.009175708968E-02      2.003880059528E+00      4.347630779502E-01      1.840342484331E+00      9.605280949751E-01
    2.310130     -1.527904502041E+01      1.525077416443E+00      1.644014578883E-01      1.275193173641E+00      7.190492498711E-02      1.995186407068E+00      4.423650121535E-01      1.954433011885E+00      1.032704850566E+00
    2.477076     -1.480016341183E+01      1.509660053981E+00      1.679727108531E-01      1.256179967823E+00      7.375689476708E-02      1.985964117701E+00      4.500397178196E-01      2.077021067252E+00      1.111440317462E+00
    2.656088     -1.430240248005E+01      1.493158254044E+00      1.716478016068E-01      1.235447457676E+00      7.568739048113E-02      1.976129889497E+00      4.578167567488E-01      2.209398985035E+00      1.197794560869E+00
    2.848036     -1.378624534094E+01      1.475329629008E+00      1.754957723644E-01      1.212503307151E+00      7.775560369999E-02      1.965553098930E+00      4.657116539675E-01      2.353212040227E+00      1.293129246441E+00
    3.053855     -1.325251588956E+01      1.455828783509E+00      1.796005627339E-01      1.186663364821E+00      8.004673832036E-02      1.954023945539E+00      4.737041934641E-01      2.510556200823E+00      1.399220753559E+00
    3.274549     -1.270248200839E+01      1.434149757898E+00      1.840503962907E-01      1.156976075577E+00      8.267807162471E-02      1.941201752679E+00      4.816989429465E-01      2.684073883826E+00      1.518415495496E+00
    3.511192     -1.213798912813E+01      1.409537506003E+00      1.889081188831E-01      1.122133258701E+00      8.580018916072E-02      1.926534350541E+00      4.894577376116E-01      2.876999042845E+00      1.653831493653E+00
    3.764936     -1.156162613133E+01      1.380862701149E+00      1.941461488161E-01      1.080396896353E+00      8.958335736846E-02      1.909141480305E+00      4.964933581130E-01      3.093037625790E+00      1.809586468535E+00
    4.037017     -1.097691223619E+01      1.346477227964E+00      1.995271084740E-01      1.029628333768E+00      9.416995391219E-02      1.887670181846E+00      5.019237697683E-01      3.335861810970E+00      1.990965880866E+00
    4.328761     -1.038846097314E+01      1.304135339802E+00      2.044290596903E-01      9.676013019061E-01      9.956631486252E-02      1.860175258089E+00      5.043238848599E-01      3.607890604955E+00      2.204298951815E+00
    4.641589     -9.802018708204E+00      1.251192883925E+00      2.076839672128E-01      8.928403561325E-01      1.054615477193E-01      1.824166524874E+00      5.016940412395E-01      3.908131405490E+00      2.456088284036E+00
    4.977024     -9.224212215244E+00      1.185390926696E+00      2.076265674897E-01      8.059970274017E-01      1.110355261789E-01      1.777051175958E+00      4.917592939643E-01      4.229579986986E+00      2.750833580498E+00
    5.336699     -8.661863341140E+00      1.106267159995E+00      2.026008923546E-01      7.110096303380E-01      1.149543659727E-01      1.717098270674E+00      4.727555564101E-01      4.558088689190E+00      3.087549578374E+00
    5.722368     -8.120959161839E+00      1.016395705732E+00      1.918518739941E-01      6.146316678399E-01      1.157801343643E-01      1.644567111935E+00      4.444429872593E-01      4.875126953904E+00      3.456597157255E+00
    6.135907     -7.605718772545E+00      9.211048511242E-01      1.761372177427E-01      5.239437409237E-01      1.126895616116E-01      1.562122658443E+00      4.085827944539E-01      5.164064554854E+00      3.839813066580E+00
    6.579332     -7.118262722070E+00      8.264723018505E-01      1.574174655996E-01      4.436892903954E-01      1.059412546974E-01      1.474009150937E+00      3.683464009608E-01      5.415550559187E+00      4.215324869695E+00
    7.054802     -6.658966542642E+00      7.371872336489E-01      1.378983219963E-01      3.754463120321E-01      9.667130796615E-02      1.384567436389E+00      3.270970024511E-01      5.628254493910E+00      4.564394441517E+00
    7.564633     -6.227127564773E+00      6.557286866371E-01      1.192501818716E-01      3.185261934156E-01      8.626571923501E-02      1.297132951885E+00      2.874381010596E-01      5.805978446660E+00      4.875911845307E+00
    8.111308     -5.821548253381E+00      5.827654749111E-01      1.023876969864E-01      2.712668874156E-01      7.584513012623E-02      1.213726951462E+00      2.509194955276E-01      5.954346382754E+00      5.146674129442E+00
    8.697490     -5.440885785305E+00      5.179371824462E-01      8.762698060319E-02      2.318923019947E-01      6.609215270266E-02      1.135284249289E+00      2.182052289772E-01      6.078800602392E+00      5.378876279667E+00
    9.326033     -5.083806814989E+00      4.604682256913E-01      7.493238553310E-02      1.988723313856E-01      5.731771807019E-02      1.062034844386E+00      1.893824484342E-01      6.183866536701E+00      5.577180286269E+00
   10.000000     -4.749034355754E+00      4.095050232908E-01      6.410753426332E-02      1.709936232375E-01      4.959696522218E-02      9.938270392347E-01      1.642280966734E-01      6.273095601673E+00      5.746701882300E+00
   10.722672     -4.435350962662E+00      3.642562399930E-01      5.490694012641E-02      1.473182999648E-01      4.288295868415E-02      9.303390794950E-01      1.423853328695E-01      6.349241013529E+00      5.892057641023E+00
   11.497570     -4.141590767290E+00      3.240314003788E-01      4.708982908927E-02      1.271195395485E-01      3.707787325520E-02      8.711975654259E-01      1.234630177889E-01      6.414458801338E+00      6.017098469271E+00
   12.328467     -3.866632525609E+00      2.882382558234E-01      4.044118017181E-02      1.098256139086E-01      3.207061647155E-02      8.160353912430E-01      1.070847880114E-01      6.470468649550E+00      6.124955046146E+00
   13.219411     -3.609396278027E+00      2.563681290211E-01      3.477686675569E-02      9.497857289992E-02      2.775413843818E-02      7.645156331592E-01      9.290946147492E-02      6.518668157028E+00      6.218174476668E+00
   14.174742     -3.368842866355E+00      2.279806716241E-01      2.994212882684E-02      8.220543228281E-02      2.403208592880E-02      7.163382143389E-01      8.063674145275E-02      6.560211026784E+00      6.298854034382E+00
   15.199111     -3.143974933324E+00      2.026913430671E-01      2.580781011668E-02      7.119825921197E-02      2.082041749327E-02      6.712387917229E-01      7.000612511233E-02      6.596060854989E+00      6.368745344880E+00
   16.297508     -2.933838325722E+00      1.801618560967E-01      2.226626548828E-02      6.170017182106E-02      1.804687908892E-02      6.289847067558E-01      6.079311847497E-02      6.627029217655E+00      6.429329266083E+00
   17.475284     -2.737523267638E+00      1.600929747586E-01      1.922764687970E-02      5.349520326363E-02      1.564971916867E-02      5.893702782730E-01      5.280472632612E-02      6.653803695317E+00      6.481868893595E+00
   18.738174     -2.554165019243E+00      1.422189909794E-01      1.661675824562E-02      4.640072269956E-02      1.357625096852E-02      5.522123958544E-01      4.587507721232E-02      6.676969283565E+00      6.527447907897E+00
   20.092330     -2.382943952772E+00      1.263033615925E-01      1.437046853724E-02      4.026159908431E-02      1.178150377176E-02      5.173467381519E-01      3.986150368035E-02      6.697025265343E+00      6.566999443877E+00
   21.544347     -2.223085089939E+00      1.121351537597E-01      1.243560715926E-02      3.494559765044E-02      1.022704107206E-02      4.846246599269E-01      3.464115246339E-02      6.714398815675E+00      6.601328765208E+00
   23.101297     -2.073857191891E+00      9.952607093328E-02      1.076725610420E-02      3.033968091460E-02      8.879955143885E-03      4.539106819193E-01      3.010809816190E-02      6.729456148369E+00      6.631131708919E+00
   24.770764     -1.934571503279E+00      8.830791307904E-02      9.327361605854E-03      2.634699492578E-02      7.712022132871E-03      4.250804859690E-01      2.617089962611E-02      6.742511748756E+00      6.657010063368E+00
   26.560878     -1.804580244964E+00      7.833037545094E-02      8.083601429243E-03      2.288438802990E-02      6.698994788224E-03      3.980193186346E-01      2.275053271824E-02      6.753836078837E+00      6.679484587842E+00
   28.480359     -1.683274935950E+00      6.945912093070E-02      7.008456666583E-03      1.988035159554E-02      5.820010251916E-03      3.726207189548E-01      1.977863865439E-02      6.763662042548E+00      6.699006132513E+00
   30.538555     -1.570084609878E+00      6.157407972901E-02      6.078447639245E-03      1.727330003670E-02      5.057093071012E-03      3.487855009000E-01      1.719603586038E-02      6.772190433317E+00      6.715965180624E+00
   32.745492     -1.464473977332E+00      5.456794202863E-02      5.273502078933E-03      1.501012673269E-02      4.394736836595E-03      3.264209349299E-01      1.495145203414E-02      6.779594539721E+00      6.730700056644E+00
   35.111917     -1.365941573165E+00      4.834481684680E-02      4.576430468005E-03      1.304498627020E-02      3.819550842497E-03      3.054400848161E-01      1.300044079123E-02      6.786024050737E+00      6.743503995831E+00
   37.649358     -1.274017918238E+00      4.281903566455E-02      3.972488630032E-03      1.133826367047E-02      3.319960690502E-03      2.857612654051E-01      1.130445364886E-02      6.791608375706E+00      6.754631237666E+00
   40.370173     -1.188263717145E+00      3.791408315114E-02      3.449011711152E-03      9.855699029704E-03      2.885953836243E-03      2.673075945550E-01      9.830043279259E-03      6.796459473344E+00      6.764302280746E+00
   43.287613     -1.108268107356E+00      3.356164014102E-02      2.995106850189E-03      8.567642001058E-03      2.508862732571E-03      2.500066184138E-01      8.548178129051E-03      6.800674267582E+00      6.772708416745E+00
   46.415888     -1.033646970479E+00      2.970072621061E-02      2.601394309520E-03      7.448415247188E-03      2.181179556627E-03      2.337899938552E-01      7.433651854913E-03      6.804336714609E+00      6.780015644291E+00
   49.770236     -9.640413126784E-01      2.627693094480E-02      2.259788787859E-03      6.475769716202E-03      1.896397571457E-03      2.185932155147E-01      6.464573738003E-03      6.807519574659E+00      6.786368049319E+00
   53.366992     -8.991157185085E-01      2.324172439886E-02      1.963314180426E-03      5.630417570834E-03      1.648875027892E-03      2.043553777021E-01      5.621928446336E-03      6.810285933164E+00      6.791890726209E+00
   57.223677     -8.385568803185E-01      2.055183843243E-02      1.705946282210E-03      4.895630999509E-03      1.433718203338E-03      1.910189636802E-01      4.889195322511E-03      6.812690508669E+00      6.796692303455E+00
   61.359073     -7.820722037827E-01      1.816871157386E-02      1.482478915354E-03      4.256897083398E-03      1.246680734366E-03      1.785296565223E-01      4.252018866603E-03      6.814780778896E+00      6.800867128592E+00
   65.793322     -7.293884889480E-01      1.605799090571E-02      1.288409754818E-03      3.701620482461E-03      1.084076858318E-03      1.668361671096E-01      3.697923323650E-03      6.816597951378E+00      6.804497159314E+00
   70.548023     -6.802506853203E-01      1.418908517693E-02      1.119842767999E-03      3.218867007648E-03      9.427065550646E-04      1.558900758758E-01      3.216065321271E-03      6.818177801038E+00      6.807653601111E+00
   75.646333     -6.344207188922E-01      1.253476396524E-02      9.734047053813E-04      2.799142223387E-03      8.197908909352E-04      1.456456857193E-01      2.797019373660E-03      6.819551393618E+00      6.810398326048E+00
   81.113083     -5.916763885866E-01      1.107079825236E-02      8.461735048413E-04      2.434200117723E-03      7.129161245192E-04      1.360598841338E-01      2.432591803439E-03      6.820745711052E+00      6.812785102462E+00
   86.974900     -5.518103293021E-01      9.775638249415E-03      7.356168210917E-04      2.116877622399E-03      6.199853494637E-04      1.270920130917E-01      2.115659256182E-03      6.821784192477E+00      6.814860661182E+00
   93.260335     -5.146290385693E-01      8.630124728441E-03      6.395391789227E-04      1.840951388438E-03      5.391766294421E-04      1.187037455861E-01      1.840028512918E-03      6.822687202580E+00      6.816665620345E+00
  100.000000     -4.799519637409E-01      7.617230489322E-03      5.560364861510E-04      1.601013746764E-03      4.689067321508E-04      1.108589680207E-01      1.600314758945E-03      6.823472437260E+00      6.818235287811E+00

