# L=14, N=14, T=1.0, sym gs
#          U         Eg                 S₁(ℓ=7)              S₁acc(ℓ=7)                 S₂(ℓ=7)              S₂acc(ℓ=7)                 EN(ℓ=7)              ENacc(ℓ=7)
    0.010000     -2.793536501260E+01      2.026928508872E+00      8.669491372739E-04      1.881494647855E+00      1.669436282164E-04      2.216809341894E+00      1.829346779607E-02
    0.010723     -2.793072134621E+01      2.025748642272E+00      9.768268844148E-04      1.880180030277E+00      1.905232149187E-04      2.216841146328E+00      1.954674181489E-02
    0.011498     -2.792574604168E+01      2.024497958054E+00      1.099955047195E-03      1.878781777988E+00      2.173247533000E-04      2.216873908406E+00      2.088097964211E-02
    0.012328     -2.792041569173E+01      2.023173086811E+00      1.237806119180E-03      1.877295355041E+00      2.477652224767E-04      2.216907526973E+00      2.230074157991E-02
    0.013219     -2.791470527446E+01      2.021770606289E+00      1.391993241590E-03      1.875716083350E+00      2.823106781395E-04      2.216941874150E+00      2.381075502821E-02
    0.014175     -2.790858804679E+01      2.020287054417E+00      1.564279471282E-03      1.874039152316E+00      3.214810237212E-04      2.216976791638E+00      2.541590836932E-02
    0.015199     -2.790203543148E+01      2.018718944035E+00      1.756586887774E-03      1.872259630695E+00      3.658550408682E-04      2.217012086688E+00      2.712124282928E-02
    0.016298     -2.789501689726E+01      2.017062779333E+00      1.971005362087E-03      1.870372480857E+00      4.160756489935E-04      2.217047527724E+00      2.893194212044E-02
    0.017475     -2.788749983195E+01      2.015315073987E+00      2.209800781231E-03      1.868372575584E+00      4.728553521189E-04      2.217082839621E+00      3.085331967924E-02
    0.018738     -2.787944940798E+01      2.013472370934E+00      2.475422492320E-03      1.866254717533E+00      5.369818175733E-04      2.217117698627E+00      3.289080331724E-02
    0.020092     -2.787082844009E+01      2.011531263687E+00      2.770509700656E-03      1.864013661436E+00      6.093235158640E-04      2.217151726956E+00      3.504991712508E-02
    0.021544     -2.786159723481E+01      2.009488419040E+00      3.097896527648E-03      1.861644139093E+00      6.908353344057E-04      2.217184487049E+00      3.733626048573E-02
    0.023101     -2.785171343131E+01      2.007340600974E+00      3.460615408427E-03      1.859140887160E+00      7.825640595866E-04      2.217215475531E+00      3.975548408622E-02
    0.024771     -2.784113183314E+01      2.005084695492E+00      3.861898487188E-03      1.856498677655E+00      8.856536025708E-04      2.217244116894E+00      4.231326285252E-02
    0.026561     -2.782980423058E+01      2.002717736074E+00      4.305176652204E-03      1.853712351066E+00      1.001349824750E-03      2.217269756944E+00      4.501526577440E-02
    0.028480     -2.781767921308E+01      2.000236929383E+00      4.794075844198E-03      1.850776851853E+00      1.131004798978E-03      2.217291656058E+00      4.786712265786E-02
    0.030539     -2.780470197138E+01      1.997639680770E+00      5.332410273357E-03      1.847687266051E+00      1.276080324504E-03      2.217308982288E+00      5.087438785231E-02
    0.032745     -2.779081408877E+01      1.994923619108E+00      5.924172193696E-03      1.844438860599E+00      1.438150496447E-03      2.217320804427E+00      5.404250116809E-02
    0.035112     -2.777595332119E+01      1.992086620403E+00      6.573517910820E-03      1.841027123925E+00      1.618903117093E-03      2.217326085029E+00      5.737674614303E-02
    0.037649     -2.776005336551E+01      1.989126829613E+00      7.284749742087E-03      1.837447807227E+00      1.820139726831E-03      2.217323673532E+00      6.088220602101E-02
    0.040370     -2.774304361565E+01      1.986042680069E+00      8.062293707955E-03      1.833696965770E+00      2.043774028376E-03      2.217312299515E+00      6.456371780704E-02
    0.043288     -2.772484890594E+01      1.982832909896E+00      8.910672810988E-03      1.829770999492E+00      2.291828481123E-03      2.217290566194E+00      6.842582488460E-02
    0.046416     -2.770538924128E+01      1.979496574808E+00      9.834475854153E-03      1.825666692073E+00      2.566428853412E-03      2.217256944229E+00      7.247272875286E-02
    0.049770     -2.768457951364E+01      1.976033056737E+00      1.083832186228E-02      1.821381247595E+00      2.869796541188E-03      2.217209765927E+00      7.670824051934E-02
    0.053367     -2.766232920431E+01      1.972442067740E+00      1.192682029747E-02      1.816912323897E+00      3.204238492478E-03      2.217147219905E+00      8.113573285319E-02
    0.057224     -2.763854207155E+01      1.968723648768E+00      1.310452739809E-02      1.812258061660E+00      3.572134618619E-03      2.217067346280E+00      8.575809315740E-02
    0.061359     -2.761311582305E+01      1.964878162930E+00      1.437589911730E-02      1.807417108336E+00      3.975922626300E-03      2.216968032448E+00      9.057767876164E-02
    0.065793     -2.758594177292E+01      1.960906283042E+00      1.574524128560E-02      1.802388636020E+00      4.418080267442E-03      2.216847009463E+00      9.559627495414E-02
    0.070548     -2.755690448265E+01      1.956808973357E+00      1.721665776622E-02      1.797172352496E+00      4.901105076585E-03      2.216701849070E+00      1.008150566740E-01
    0.075646     -2.752588138588E+01      1.952587465559E+00      1.879399750533E-02      1.791768504739E+00      5.427491745788E-03      2.216529961370E+00      1.062345546560E-01
    0.081113     -2.749274239650E+01      1.948243229227E+00      2.048080149369E-02      1.786177874364E+00      5.999707371706E-03      2.216328593118E+00      1.118546267730E-01
    0.086975     -2.745734950001E+01      1.943777937173E+00      2.228025074497E-02      1.780401764624E+00      6.620164896436E-03      2.216094826606E+00      1.176744352435E-01
    0.093260     -2.741955632803E+01      1.939193426165E+00      2.419511645201E-02      1.774441978801E+00      7.291195148237E-03      2.215825579097E+00      1.236924302726E-01
    0.100000     -2.737920771575E+01      1.934491653752E+00      2.622771349965E-02      1.768300790017E+00      8.015017966357E-03      2.215517602727E+00      1.299063405733E-01
    0.107227     -2.733613924264E+01      1.929674651942E+00      2.837985848786E-02      1.761980902723E+00      8.793712961794E-03      2.215167484804E+00      1.363131710750E-01
    0.114976     -2.729017675659E+01      1.924744478657E+00      3.065283334856E-02      1.755485406355E+00      9.629190518211E-03      2.214771648401E+00      1.429092079744E-01
    0.123285     -2.724113588181E+01      1.919703167875E+00      3.304735552490E-02      1.748817721824E+00      1.052316367080E-02      2.214326353148E+00      1.496900311156E-01
    0.132194     -2.718882151115E+01      1.914552679425E+00      3.556355552446E-02      1.741981541739E+00      1.147712151245E-02      2.213827696106E+00      1.566505335313E-01
    0.141747     -2.713302728362E+01      1.909294849357E+00      3.820096246297E-02      1.734980765374E+00      1.249230476326E-02      2.213271612615E+00      1.637849478058E-01
    0.151991     -2.707353504810E+01      1.903931341756E+00      4.095849799078E-02      1.727819429554E+00      1.356968410097E-02      2.212653876985E+00      1.710868787753E-01
    0.162975     -2.701011431458E+01      1.898463602754E+00      4.383447874813E-02      1.720501636665E+00      1.470994178611E-02      2.211970102937E+00      1.785493419427E-01
    0.174753     -2.694252169442E+01      1.892892817375E+00      4.682662723969E-02      1.713031481069E+00      1.591345702799E-02      2.211215743647E+00      1.861648068661E-01
    0.187382     -2.687050033161E+01      1.887219869679E+00      4.993209076374E-02      1.705412975136E+00      1.718029542962E-02      2.210386091301E+00      1.939252446940E-01
    0.200923     -2.679377932722E+01      1.881445306499E+00      5.314746778980E-02      1.697649976072E+00      1.851020272543E-02      2.209476276047E+00      2.018221789498E-01
    0.215443     -2.671207315979E+01      1.875569304878E+00      5.646884096052E-02      1.689746114567E+00      1.990260289076E-02      2.208481264226E+00      2.098467386398E-01
    0.231013     -2.662508110481E+01      1.869591643133E+00      5.989181570977E-02      1.681704726172E+00      2.135660056254E-02      2.207395855792E+00      2.179897127520E-01
    0.247708     -2.653248665689E+01      1.863511675300E+00      6.341156334717E-02      1.673528786063E+00      2.287098757313E-02      2.206214680826E+00      2.262416052381E-01
    0.265609     -2.643395695900E+01      1.857328308537E+00      6.702286736518E-02      1.665220847691E+00      2.444425327082E-02      2.204932195065E+00      2.345926896300E-01
    0.284804     -2.632914224377E+01      1.851039982941E+00      7.072017168256E-02      1.656782985529E+00      2.607459818651E-02      2.203542674363E+00      2.430330625184E-01
    0.305386     -2.621767529244E+01      1.844644653119E+00      7.449762954720E-02      1.648216741904E+00      2.775995051313E-02      2.202040208038E+00      2.515526952312E-01
    0.327455     -2.609917091843E+01      1.838139770729E+00      7.834915188129E-02      1.639523077639E+00      2.949798479553E-02      2.200418691060E+00      2.601414831756E-01
    0.351119     -2.597322548295E+01      1.831522267196E+00      8.226845395748E-02      1.630702325980E+00      3.128614218808E-02      2.198671815065E+00      2.687892924571E-01
    0.376494     -2.583941645167E+01      1.824788535686E+00      8.624909944118E-02      1.621754149025E+00      3.312165162594E-02      2.196793058189E+00      2.774860035551E-01
    0.403702     -2.569730200281E+01      1.817934411440E+00      9.028454101367E-02      1.612677495631E+00      3.500155127454E-02      2.194775673771E+00      2.862215520196E-01
    0.432876     -2.554642069838E+01      1.810955149510E+00      9.436815699570E-02      1.603470559539E+00      3.692270966839E-02      2.192612677959E+00      2.949859663511E-01
    0.464159     -2.538629123232E+01      1.803845398893E+00      9.849328361506E-02      1.594130736181E+00      3.888184602405E-02      2.190296836327E+00      3.037694034390E-01
    0.497702     -2.521641227154E+01      1.796599172029E+00      1.026532427969E-01      1.584654576384E+00      4.087554930866E-02      2.187820649612E+00      3.125621821740E-01
    0.533670     -2.503626240813E+01      1.789209808520E+00      1.068413655981E-01      1.575037734880E+00      4.290029576295E-02      2.185176338709E+00      3.213548161068E-01
    0.572237     -2.484530024411E+01      1.781669931838E+00      1.110510116572E-01      1.565274911146E+00      4.495246471369E-02      2.182355829130E+00      3.301380463230E-01
    0.613591     -2.464296463366E+01      1.773971397581E+00      1.152755852873E-01      1.555359779682E+00      4.702835266344E-02      2.179350735114E+00      3.389028760317E-01
    0.657933     -2.442867511170E+01      1.766105231615E+00      1.195085491148E-01      1.545284906205E+00      4.912418581782E-02      2.176152343649E+00      3.476406087560E-01
    0.705480     -2.420183254287E+01      1.758061556086E+00      1.237434364709E-01      1.535041645485E+00      5.123613140640E-02      2.172751598650E+00      3.563428924647E-01
    0.756463     -2.396182003081E+01      1.749829500812E+00      1.279738641053E-01      1.524620015434E+00      5.336030838484E-02      2.169139085562E+00      3.650017725365E-01
    0.811131     -2.370800413478E+01      1.741397096958E+00      1.321935472421E-01      1.514008540607E+00      5.549279839155E-02      2.165305016631E+00      3.736097571189E-01
    0.869749     -2.343973644991E+01      1.732751149003E+00      1.363963196050E-01      1.503194056153E+00      5.762965820406E-02      2.161239217017E+00      3.821598992705E-01
    0.932603     -2.315635561773E+01      1.723877079923E+00      1.405761618703E-01      1.492161460338E+00      5.976693544891E-02      2.156931111750E+00      3.906459013017E-01
    1.000000     -2.285718984788E+01      1.714758742887E+00      1.447272431925E-01      1.480893399575E+00      6.190069004293E-02      2.152369713231E+00      3.990622479885E-01
    1.072267     -2.254156004854E+01      1.705378190643E+00      1.488439821592E-01      1.469369863921E+00      6.402702490498E-02      2.147543608354E+00      4.074043768710E-01
    1.149757     -2.220878368556E+01      1.695715390756E+00      1.529211360185E-01      1.457567662382E+00      6.614213106361E-02      2.142440943231E+00      4.156688956507E-01
    1.232847     -2.185817951764E+01      1.685747870530E+00      1.569539306408E-01      1.445459734841E+00      6.824235468656E-02      2.137049401468E+00      4.238538587242E-01
    1.321941     -2.148907339206E+01      1.675450269144E+00      1.609382489213E-01      1.433014239137E+00      7.032429721592E-02      2.131356168432E+00      4.319591169004E-01
    1.417474     -2.110080533296E+01      1.664793765130E+00      1.648709028665E-01      1.420193324762E+00      7.238496538223E-02      2.125347867631E+00      4.399867558394E-01
    1.519911     -2.069273821774E+01      1.653745332719E+00      1.687500252756E-01      1.406951464440E+00      7.442199641036E-02      2.119010444321E+00      4.479416385987E-01
    1.629751     -2.026426842271E+01      1.642266757711E+00      1.725756317013E-01      1.393233154361E+00      7.643399673467E-02      2.112328952137E+00      4.558320636384E-01
    1.747528     -1.981483893516E+01      1.630313306204E+00      1.763504230774E-01      1.378969702006E+00      7.842105221803E-02      2.105287164679E+00      4.636705373084E-01
    1.873817     -1.934395558922E+01      1.617831877733E+00      1.800809240804E-01      1.364074679516E+00      8.038549731694E-02      2.097866874590E+00      4.714746307856E-01
    2.009233     -1.885120730619E+01      1.604758369211E+00      1.837790794837E-01      1.348437401959E+00      8.233307392309E-02      2.090046638329E+00      4.792678296122E-01
    2.154435     -1.833629153666E+01      1.591013794042E+00      1.874644515861E-01      1.331913448236E+00      8.427467233095E-02      2.081799541085E+00      4.870801592249E-01
    2.310130     -1.779904655498E+01      1.576498380272E+00      1.911671520414E-01      1.314310706768E+00      8.622892997869E-02      2.073089232208E+00      4.949481257851E-01
    2.477076     -1.723949291104E+01      1.561082301031E+00      1.949315419569E-01      1.295368594774E+00      8.822606321198E-02      2.063862910771E+00      5.029130443006E-01
    2.656088     -1.665788728921E+01      1.544590671623E+00      1.988204093290E-01      1.274726838712E+00      9.031339184104E-02      2.054038942646E+00      5.110159487848E-01
    2.848036     -1.605479336285E+01      1.526778648081E+00      2.029184872319E-01      1.251878432230E+00      9.256298062256E-02      2.043485078167E+00      5.192856737093E-01
    3.053856     -1.543117602308E+01      1.507289404373E+00      2.073322059105E-01      1.226099371851E+00      9.508137391181E-02      2.031980428246E+00      5.277138788068E-01
    3.274549     -1.478852739788E+01      1.485583062400E+00      2.121783735581E-01      1.196347104814E+00      9.801981379480E-02      2.019150178709E+00      5.362062318506E-01
    3.511192     -1.412903425612E+01      1.460819225975E+00      2.175465024025E-01      1.161125980325E+00      1.015790115554E-01      2.004357268206E+00      5.444928433339E-01
    3.764936     -1.345579310298E+01      1.431676103131E+00      2.234073004115E-01      1.118347305723E+00      1.059926575471E-01      1.986534753324E+00      5.519769247084E-01
    4.037017     -1.277306224547E+01      1.396118103103E+00      2.294309172241E-01      1.065297684115E+00      1.114559027568E-01      1.963962283678E+00      5.575124293741E-01
    4.328761     -1.208649135538E+01      1.351234581124E+00      2.347057836796E-01      9.990057537845E-01      1.179466798116E-01      1.934066086945E+00      5.591639543208E-01
    4.641589     -1.140317129420E+01      1.293515956470E+00      2.374847826687E-01      9.174602023145E-01      1.249138990570E-01      1.893492167767E+00      5.541600768192E-01
    4.977024     -1.073123733483E+01      1.220130853354E+00      2.353508824356E-01      8.217520717454E-01      1.309737640445E-01      1.838876964399E+00      5.394428000557E-01
    5.336699     -1.007882076323E+01      1.131188230827E+00      2.262383411057E-01      7.177030802176E-01      1.340499328636E-01      1.768485617452E+00      5.130504456655E-01
    5.722368     -9.452598266392E+00      1.031252280304E+00      2.099101082339E-01      6.144675253371E-01      1.323234949623E-01      1.683827962851E+00      4.756350922700E-01
    6.135907     -8.856743763281E+00      9.279139501540E-01      1.884225136136E-01      5.202846542879E-01      1.254286735037E-01      1.589614078897E+00      4.306307430531E-01
    6.579332     -8.292912670986E+00      8.282880801865E-01      1.649279007523E-01      4.393048838637E-01      1.146676877568E-01      1.491780397500E+00      3.826857878236E-01
    7.054802     -7.761017080286E+00      7.366624495397E-01      1.420953051457E-01      3.717753618016E-01      1.020665609284E-01      1.395308191816E+00      3.357917284126E-01
    7.564633     -7.260094978568E+00      6.545075515938E-01      1.214331881915E-01      3.159485474579E-01      8.933829302648E-02      1.303284533656E+00      2.924210992276E-01
    8.111308     -6.788870206697E+00      5.816092844141E-01      1.034609119029E-01      2.696435288428E-01      7.748934217950E-02      1.217105125917E+00      2.536502532437E-01
    8.697490     -6.346001023233E+00      5.170803659084E-01      8.813155193549E-02      2.309434185963E-01      6.693254622780E-02      1.137080150803E+00      2.196491812289E-01
    9.326033     -5.930155126427E+00      4.599087461267E-01      7.516118518502E-02      1.983470896576E-01      5.773302657475E-02      1.062966337928E+00      1.901242114617E-01
   10.000000     -5.540019712986E+00      4.091679380994E-01      6.420820420833E-02      1.707147194604E-01      4.979712444031E-02      9.943015662671E-01      1.646002232234E-01
   10.722672     -5.174298254090E+00      3.640643549043E-01      5.495009907939E-02      1.471749747069E-01      4.297760722605E-02      9.305779367848E-01      1.425684061044E-01
   11.497570     -4.831710337495E+00      3.239267255005E-01      4.710790819186E-02      1.270478074797E-01      3.712197154152E-02      8.713170511429E-01      1.235516413139E-01
   12.328467     -4.510996273497E+00      2.881830227840E-01      4.044859212097E-02      1.097904832430E-01      3.209092198719E-02      8.160951340191E-01      1.071271274451E-01
   13.219411     -4.210924213561E+00      2.563397519042E-01      3.477984255014E-02      9.496167483359E-02      2.776339947596E-02      7.645456632595E-01      9.292947782818E-02
   14.174742     -3.930297545463E+00      2.279664069004E-01      2.994329827807E-02      8.219742597659E-02      2.403627669465E-02      7.163534765502E-01      8.064613029238E-02
   15.199111     -3.667961249587E+00      2.026843009426E-01      2.580825915850E-02      7.119451381145E-02      2.082230151997E-02      6.712466771225E-01      7.001050664549E-02
   16.297508     -3.422806697846E+00      1.801584318438E-01      2.226643333607E-02      6.169843849456E-02      1.804772144230E-02      6.289888682066E-01      6.079515920328E-02
   17.475284     -3.193774855939E+00      1.600913308395E-01      1.922770754429E-02      5.349440841304E-02      1.565009403723E-02      5.893725299183E-01      5.280567851647E-02
   18.738174     -2.979858075742E+00      1.422182102508E-01      1.661677918284E-02      4.640036102633E-02      1.357641713065E-02      5.522136479565E-01      4.587552439373E-02
   20.092330     -2.780100738868E+00      1.263029941816E-01      1.437047526599E-02      4.026143559027E-02      1.178157716896E-02      5.173474544735E-01      3.986171630974E-02
   21.544347     -2.593599010617E+00      1.121349821716E-01      1.243560905430E-02      3.494552414320E-02      1.022707339280E-02      4.846250814196E-01      3.464125555739E-02
   23.101297     -2.419499930585E+00      9.952599129260E-02      1.076725648036E-02      3.033964800744E-02      8.879969335031E-03      4.539109366706E-01      3.010814953696E-02
   24.770764     -2.257000025166E+00      8.830787628475E-02      9.327361572603E-03      2.634698023859E-02      7.712028345161E-03      4.250806437964E-01      2.617092614073E-02
   26.560878     -2.105343588183E+00      7.833035849650E-02      8.083601325912E-03      2.288438148349E-02      6.698997498176E-03      3.980194186009E-01      2.275054696997E-02
   28.480359     -1.963820742615E+00      6.945911311664E-02      7.008456579468E-03      1.988034867429E-02      5.820011428395E-03      3.726207834977E-01      1.977864664812E-02
   30.538555     -1.831765369450E+00      6.157407611088E-02      6.078447579730E-03      1.727329872640E-02      5.057093577942E-03      3.487855432455E-01      1.719604052798E-02
   32.745492     -1.708552968391E+00      5.456794033348E-02      5.273502040792E-03      1.501012613802E-02      4.394737052197E-03      3.264209630713E-01      1.495145485448E-02
   35.111917     -1.593598498686E+00      4.834481603412E-02      4.576430443705E-03      1.304498599423E-02      3.819550931994E-03      3.054401037007E-01      1.300044254083E-02
   37.649358     -1.486354235584E+00      4.281903525935E-02      3.972488614167E-03      1.133826353745E-02      3.319960725874E-03      2.857612781642E-01      1.130445475421E-02
   40.370173     -1.386307668212E+00      3.791408293682E-02      3.449011700388E-03      9.855698961778E-03      2.885953848758E-03      2.673076032108E-01      9.830043985429E-03
   43.287613     -1.292979457158E+00      3.356164001858E-02      2.995106842590E-03      8.567641963611E-03      2.508862735721E-03      2.500066242961E-01      8.548178582693E-03
   46.415888     -1.205921464396E+00      2.970072613452E-02      2.601394303976E-03      7.448415224700E-03      2.181179556187E-03      2.337899978515E-01      7.433652146709E-03
   49.770236     -1.124714863830E+00      2.627693089379E-02      2.259788783725E-03      6.475769701581E-03      1.896397569847E-03      2.185932182241E-01      6.464573925378E-03
   53.366992     -1.048968337465E+00      2.324172436266E-02      1.963314177309E-03      5.630417560745E-03      1.648875026102E-03      2.043553795329E-01      5.621928566210E-03
   57.223677     -9.783163597174E-01      2.055183840588E-02      1.705946279856E-03      4.895630992278E-03      1.433718201725E-03      1.910189649120E-01      4.889195398824E-03
   61.359073     -9.124175705483E-01      1.816871155412E-02      1.482478913590E-03      4.256897078134E-03      1.246680733042E-03      1.785296573472E-01      4.252018914921E-03
   65.793322     -8.509532366821E-01      1.605799089107E-02      1.288409753515E-03      3.701620478638E-03      1.084076857292E-03      1.668361676596E-01      3.697923354085E-03
   70.548023     -7.936257992113E-01      1.418908516629E-02      1.119842767060E-03      3.218867004923E-03      9.427065543100E-04      1.558900762414E-01      3.216065340368E-03
   75.646333     -7.401575051289E-01      1.253476395776E-02      9.734047047307E-04      2.799142221503E-03      8.197908903991E-04      1.456456859626E-01      2.797019385635E-03
   81.113083     -6.902891198462E-01      1.107079824742E-02      8.461735044179E-04      2.434200116501E-03      7.129161241682E-04      1.360598842971E-01      2.432591810983E-03
   86.974900     -6.437787174125E-01      9.775638246507E-03      7.356168208467E-04      2.116877621694E-03      6.199853492614E-04      1.270920132035E-01      2.115659260998E-03
   93.260335     -6.004005449477E-01      8.630124727157E-03      6.395391788161E-04      1.840951388133E-03      5.391766293557E-04      1.187037456655E-01      1.840028516083E-03
  100.000000     -5.599439576976E-01      7.617230489319E-03      5.560364861509E-04      1.601013746765E-03      4.689067321530E-04      1.108589680804E-01      1.600314761117E-03
